0.0 0.0 0.0
-0.9999944 9.488E-4 0.0032583
-3.013E-4 -0.9999947 0.003328
-0.0255301 0.6511222 -0.7585431
-0.5906163 0.7679148 0.2479496
0.2337513 0.5279226 0.8164905
0.8930256 0.2608339 0.3667013
0.7970705 0.1341563 -0.5887957
0.2310048 0.9316032 -0.2806292
0.9358396 0.1464542 -0.3205537
-0.5053786 0.8455195 -0.1723058
-0.3464489 0.8491601 -0.3986226
-0.4575879 0.6330658 -0.6243721
0.484928 0.3914744 0.7820439
-0.6167859 0.6759617 -0.4033011
0.5787312 0.1098247 -0.8080901
-0.824291 -0.5250406 -0.2118443
0.8941039 -0.0380215 0.4462435
-0.2890392 0.5442047 -0.7875892
-0.1175339 0.9636027 -0.240117
0.8018257 -0.4042834 -0.4400349
0.506991 0.8451878 -0.1691682
0.7911663 -0.1537511 -0.5919599
-0.9510621 0.2300736 0.2062682
0.2293084 0.7870154 -0.5727346
0.0208918 0.1902766 -0.981508
-0.2205034 0.9558066 0.1944528
0.7774228 -0.6016313 -0.183449
0.1577754 -0.3581392 0.9202412
-0.1529374 0.7325655 0.6632935
-0.8844112 -0.4274213 0.1874247
-0.5659962 0.2316413 0.7911959
-0.3778715 0.1437001 -0.9146378
0.3070164 0.2046204 -0.9294474
0.3279484 0.1328344 0.9353094
0.961302 0.2720481 0.0434482
-0.9597966 0.2033347 -0.1935043
0.4575359 -0.886975 -0.062737
-0.7738216 0.6275574 -0.0858524
0.7074475 0.417249 -0.5704579
-0.6910629 0.0239618 -0.7223971
0.6759374 0.5363091 0.5054512
0.1328619 0.7283293 0.6722232
0.7392899 -0.3893017 0.549449
-0.1044052 0.8251265 -0.5552174
-0.5896821 0.5939229 0.5472944
0.0808017 0.3366045 0.9381734
0.5452818 0.7971343 0.2593167
0.8401542 -0.454436 0.2960207
-0.3695015 0.5601146 0.741444
-0.1888319 0.3926791 0.9000808
0.7154422 0.6986131 0.009012
0.4238883 0.6879416 0.5891134
0.4973086 0.6988301 -0.5141212
-0.1695739 -0.5136909 0.8410509
0.4612625 0.4313699 -0.7753433
-0.3915919 0.8083966 0.4394887
0.7092299 0.2544102 0.6574711
0.2481696 0.8890646 0.3846769
-0.0059651 0.0782849 0.9969132
-0.0444922 0.9034924 0.4262888
-0.5678681 0.3009597 -0.7661253
-0.286422 0.144311 0.9471729
0.7163381 0.6178703 -0.3241846
0.2557587 0.9632047 0.0826087
